ExpressionIndexX: 0
ExpressionIndexY: 1

TargetPoints: ( 0.513,  0.000) ( 0.415,  0.466) (-0.113,  0.781) (-0.734,  0.805) (-1.376,  0.675) (-2.183,  0.335) (-2.686, -0.009) (-3.166, -0.623) (-3.185, -1.254) (-2.487, -1.959)
TargetPoints: (-1.536, -2.333) (-0.590, -2.527) ( 1.058, -2.636) ( 2.103, -2.589) ( 3.516, -2.386) ( 4.439, -2.144) ( 5.376, -1.751) ( 6.109, -1.185) ( 6.263, -0.130) ( 5.753,  0.461)
TargetPoints: ( 4.959,  0.941) ( 3.859,  1.347) ( 2.683,  1.601) ( 1.162,  1.705) ( 0.283,  1.624) (-0.458,  1.416) (-1.008,  1.037) (-1.171,  0.404) (-0.879, -0.119) (-0.546, -0.375)
TargetPoints: ( 0.017, -0.491) ( 0.318, -0.353) ( 0.461, -0.182)

ControlPoints: ( 0.513,  0.000) ( 0.503,  0.169) ( 0.481,  0.555) (-0.123,  0.833) (-0.745,  0.824) (-1.454,  0.677) (-2.118,  0.398) (-2.743, -0.022) (-3.226, -0.536) (-3.269, -1.422)
ControlPoints: (-2.484, -2.023) (-1.564, -2.350) (-0.366, -2.588) ( 0.856, -2.659) ( 2.231, -2.597) ( 3.364, -2.438) ( 4.468, -2.161) ( 5.353, -1.788) ( 6.248, -1.257) ( 6.447, -0.146)
ControlPoints: ( 5.723,  0.523) ( 4.903,  1.004) ( 3.854,  1.375) ( 2.582,  1.647) ( 1.377,  1.739) ( 0.315,  1.654) (-0.431,  1.460) (-1.073,  1.107) (-1.268,  0.400) (-0.936, -0.098)
ControlPoints: (-0.521, -0.426) (-0.060, -0.554) ( 0.308, -0.394) ( 0.417, -0.243) ( 0.461, -0.182)

KnotValues:  0.000  0.000  0.000  0.000  0.018  0.040  0.063  0.087  0.120  0.142
KnotValues:  0.171  0.194  0.231  0.269  0.305  0.366  0.404  0.457  0.492  0.530
KnotValues:  0.564  0.603  0.632  0.667  0.710  0.754  0.811  0.843  0.872  0.896
KnotValues:  0.921  0.943  0.958  0.980  0.992  1.000  1.000  1.000  1.000
