# cubicX(u)
cubicX(u).Coefficients: -0.389 -2.719 21.533 -20.195
cubicX(u).RMSE1: 2.284609661212528
cubicX(u).RMSE2: 2.2846096612125275
cubicX(u).SamplePoints: ( 0.000,  0.513) ( 0.001,  0.514) ( 0.002,  0.515) ( 0.003,  0.516) ( 0.004,  0.517) ( 0.005,  0.517) ( 0.006,  0.518) ( 0.007,  0.519) ( 0.008,  0.520) ( 0.009,  0.520)
cubicX(u).SamplePoints: ( 0.010,  0.521) ( 0.011,  0.521) ( 0.012,  0.522) ( 0.013,  0.522) ( 0.014,  0.523) ( 0.015,  0.523) ( 0.016,  0.523) ( 0.017,  0.523) ( 0.018,  0.523) ( 0.019,  0.523)
cubicX(u).SamplePoints: ( 0.020,  0.523) ( 0.021,  0.523) ( 0.022,  0.523) ( 0.023,  0.523) ( 0.024,  0.523) ( 0.025,  0.522) ( 0.026,  0.522) ( 0.027,  0.521) ( 0.028,  0.521) ( 0.029,  0.520)
cubicX(u).SamplePoints: ( 0.030,  0.520) ( 0.031,  0.519) ( 0.032,  0.518) ( 0.033,  0.517) ( 0.034,  0.516) ( 0.035,  0.515) ( 0.036,  0.514) ( 0.037,  0.513) ( 0.038,  0.512) ( 0.039,  0.511)
cubicX(u).SamplePoints: ( 0.040,  0.509) ( 0.041,  0.508) ( 0.042,  0.506) ( 0.043,  0.505) ( 0.044,  0.503) ( 0.045,  0.501) ( 0.046,  0.500) ( 0.047,  0.498) ( 0.048,  0.496) ( 0.049,  0.494)
cubicX(u).SamplePoints: ( 0.050,  0.492) ( 0.051,  0.490) ( 0.052,  0.487) ( 0.053,  0.485) ( 0.054,  0.482) ( 0.055,  0.480) ( 0.056,  0.477) ( 0.057,  0.475) ( 0.058,  0.472) ( 0.059,  0.469)
cubicX(u).SamplePoints: ( 0.060,  0.466) ( 0.061,  0.463) ( 0.062,  0.460) ( 0.063,  0.457) ( 0.064,  0.453) ( 0.065,  0.450) ( 0.066,  0.447) ( 0.067,  0.443) ( 0.068,  0.439) ( 0.069,  0.436)
cubicX(u).SamplePoints: ( 0.070,  0.432) ( 0.071,  0.428) ( 0.072,  0.424) ( 0.073,  0.420) ( 0.074,  0.415) ( 0.075,  0.411) ( 0.076,  0.407) ( 0.077,  0.402) ( 0.078,  0.397) ( 0.079,  0.393)
cubicX(u).SamplePoints: ( 0.080,  0.388) ( 0.081,  0.383) ( 0.082,  0.378) ( 0.083,  0.372) ( 0.084,  0.367) ( 0.085,  0.362) ( 0.086,  0.356) ( 0.087,  0.351) ( 0.088,  0.345) ( 0.089,  0.339)
cubicX(u).SamplePoints: ( 0.090,  0.333) ( 0.091,  0.327) ( 0.092,  0.321) ( 0.093,  0.314) ( 0.094,  0.308) ( 0.095,  0.301) ( 0.096,  0.295) ( 0.097,  0.288) ( 0.098,  0.281) ( 0.099,  0.274)
cubicX(u).SamplePoints: ( 0.100,  0.267) ( 0.101,  0.259) ( 0.102,  0.252) ( 0.103,  0.244) ( 0.104,  0.237) ( 0.105,  0.229) ( 0.106,  0.221) ( 0.107,  0.213) ( 0.108,  0.204) ( 0.109,  0.196)
cubicX(u).SamplePoints: ( 0.110,  0.187) ( 0.111,  0.179) ( 0.112,  0.170) ( 0.113,  0.161) ( 0.114,  0.152) ( 0.115,  0.143) ( 0.116,  0.133) ( 0.117,  0.124) ( 0.118,  0.114) ( 0.119,  0.104)
cubicX(u).SamplePoints: ( 0.120,  0.094) ( 0.121,  0.084) ( 0.122,  0.074) ( 0.123,  0.063) ( 0.124,  0.053) ( 0.125,  0.042) ( 0.126,  0.031) ( 0.127,  0.020) ( 0.128,  0.009) ( 0.129, -0.003)
cubicX(u).SamplePoints: ( 0.130, -0.014) ( 0.131, -0.026) ( 0.132, -0.038) ( 0.133, -0.050) ( 0.134, -0.062) ( 0.135, -0.075) ( 0.136, -0.087) ( 0.137, -0.100) ( 0.138, -0.113) ( 0.139, -0.126)
cubicX(u).SamplePoints: ( 0.140, -0.139) ( 0.141, -0.153) ( 0.142, -0.166) ( 0.143, -0.180) ( 0.144, -0.194) ( 0.145, -0.208) ( 0.146, -0.222) ( 0.147, -0.237) ( 0.148, -0.251) ( 0.149, -0.266)
cubicX(u).SamplePoints: ( 0.150, -0.281) ( 0.151, -0.296) ( 0.152, -0.312) ( 0.153, -0.327) ( 0.154, -0.343) ( 0.155, -0.359) ( 0.156, -0.375) ( 0.157, -0.391) ( 0.158, -0.407) ( 0.159, -0.424)
cubicX(u).SamplePoints: ( 0.160, -0.441) ( 0.161, -0.458) ( 0.162, -0.475) ( 0.163, -0.492) ( 0.164, -0.510) ( 0.165, -0.528) ( 0.166, -0.545) ( 0.167, -0.564) ( 0.168, -0.582) ( 0.169, -0.600)
cubicX(u).SamplePoints: ( 0.170, -0.619) ( 0.171, -0.638) ( 0.172, -0.657) ( 0.173, -0.676) ( 0.174, -0.695) ( 0.175, -0.715) ( 0.176, -0.734) ( 0.177, -0.754) ( 0.178, -0.774) ( 0.179, -0.794)
cubicX(u).SamplePoints: ( 0.180, -0.815) ( 0.181, -0.835) ( 0.182, -0.856) ( 0.183, -0.877) ( 0.184, -0.898) ( 0.185, -0.919) ( 0.186, -0.941) ( 0.187, -0.962) ( 0.188, -0.984) ( 0.189, -1.006)
cubicX(u).SamplePoints: ( 0.190, -1.028) ( 0.191, -1.050) ( 0.192, -1.073) ( 0.193, -1.095) ( 0.194, -1.118) ( 0.195, -1.141) ( 0.196, -1.164) ( 0.197, -1.187) ( 0.198, -1.210) ( 0.199, -1.233)
cubicX(u).SamplePoints: ( 0.200, -1.257) ( 0.201, -1.281) ( 0.202, -1.304) ( 0.203, -1.328) ( 0.204, -1.352) ( 0.205, -1.376) ( 0.206, -1.401) ( 0.207, -1.425) ( 0.208, -1.449) ( 0.209, -1.474)
cubicX(u).SamplePoints: ( 0.210, -1.499) ( 0.211, -1.523) ( 0.212, -1.548) ( 0.213, -1.573) ( 0.214, -1.598) ( 0.215, -1.623) ( 0.216, -1.648) ( 0.217, -1.674) ( 0.218, -1.699) ( 0.219, -1.724)
cubicX(u).SamplePoints: ( 0.220, -1.750) ( 0.221, -1.775) ( 0.222, -1.801) ( 0.223, -1.826) ( 0.224, -1.852) ( 0.225, -1.877) ( 0.226, -1.903) ( 0.227, -1.928) ( 0.228, -1.954) ( 0.229, -1.980)
cubicX(u).SamplePoints: ( 0.230, -2.005) ( 0.231, -2.031) ( 0.232, -2.056) ( 0.233, -2.082) ( 0.234, -2.107) ( 0.235, -2.133) ( 0.236, -2.158) ( 0.237, -2.183) ( 0.238, -2.209) ( 0.239, -2.234)
cubicX(u).SamplePoints: ( 0.240, -2.259) ( 0.241, -2.284) ( 0.242, -2.309) ( 0.243, -2.334) ( 0.244, -2.358) ( 0.245, -2.383) ( 0.246, -2.407) ( 0.247, -2.431) ( 0.248, -2.455) ( 0.249, -2.479)
cubicX(u).SamplePoints: ( 0.250, -2.503) ( 0.251, -2.527) ( 0.252, -2.550) ( 0.253, -2.573) ( 0.254, -2.596) ( 0.255, -2.619) ( 0.256, -2.641) ( 0.257, -2.664) ( 0.258, -2.686) ( 0.259, -2.708)
cubicX(u).SamplePoints: ( 0.260, -2.729) ( 0.261, -2.750) ( 0.262, -2.771) ( 0.263, -2.792) ( 0.264, -2.812) ( 0.265, -2.832) ( 0.266, -2.852) ( 0.267, -2.871) ( 0.268, -2.890) ( 0.269, -2.908)
cubicX(u).SamplePoints: ( 0.270, -2.927) ( 0.271, -2.944) ( 0.272, -2.962) ( 0.273, -2.979) ( 0.274, -2.995) ( 0.275, -3.011) ( 0.276, -3.027) ( 0.277, -3.042) ( 0.278, -3.057) ( 0.279, -3.071)
cubicX(u).SamplePoints: ( 0.280, -3.085) ( 0.281, -3.098) ( 0.282, -3.111) ( 0.283, -3.123) ( 0.284, -3.135) ( 0.285, -3.146) ( 0.286, -3.156) ( 0.287, -3.166) ( 0.288, -3.175) ( 0.289, -3.184)
cubicX(u).SamplePoints: ( 0.290, -3.192) ( 0.291, -3.200) ( 0.292, -3.207) ( 0.293, -3.213) ( 0.294, -3.218) ( 0.295, -3.223) ( 0.296, -3.228) ( 0.297, -3.231) ( 0.298, -3.234) ( 0.299, -3.236)
cubicX(u).SamplePoints: ( 0.300, -3.237) ( 0.301, -3.238) ( 0.302, -3.238) ( 0.303, -3.237) ( 0.304, -3.236) ( 0.305, -3.233) ( 0.306, -3.230) ( 0.307, -3.226) ( 0.308, -3.221) ( 0.309, -3.216)
cubicX(u).SamplePoints: ( 0.310, -3.209) ( 0.311, -3.202) ( 0.312, -3.194) ( 0.313, -3.185) ( 0.314, -3.175) ( 0.315, -3.164) ( 0.316, -3.153) ( 0.317, -3.140) ( 0.318, -3.127) ( 0.319, -3.113)
cubicX(u).SamplePoints: ( 0.320, -3.098) ( 0.321, -3.082) ( 0.322, -3.065) ( 0.323, -3.047) ( 0.324, -3.028) ( 0.325, -3.008) ( 0.326, -2.987) ( 0.327, -2.966) ( 0.328, -2.943) ( 0.329, -2.919)
cubicX(u).SamplePoints: ( 0.330, -2.895) ( 0.331, -2.869) ( 0.332, -2.843) ( 0.333, -2.815) ( 0.334, -2.787) ( 0.335, -2.758) ( 0.336, -2.727) ( 0.337, -2.696) ( 0.338, -2.663) ( 0.339, -2.630)
cubicX(u).SamplePoints: ( 0.340, -2.596) ( 0.341, -2.560) ( 0.342, -2.524) ( 0.343, -2.487) ( 0.344, -2.448) ( 0.345, -2.409) ( 0.346, -2.369) ( 0.347, -2.327) ( 0.348, -2.285) ( 0.349, -2.242)
cubicX(u).SamplePoints: ( 0.350, -2.198) ( 0.351, -2.152) ( 0.352, -2.106) ( 0.353, -2.059) ( 0.354, -2.011) ( 0.355, -1.962) ( 0.356, -1.912) ( 0.357, -1.861) ( 0.358, -1.809) ( 0.359, -1.756)
cubicX(u).SamplePoints: ( 0.360, -1.703) ( 0.361, -1.648) ( 0.362, -1.593) ( 0.363, -1.536) ( 0.364, -1.479) ( 0.365, -1.421) ( 0.366, -1.362) ( 0.367, -1.302) ( 0.368, -1.241) ( 0.369, -1.180)
cubicX(u).SamplePoints: ( 0.370, -1.117) ( 0.371, -1.054) ( 0.372, -0.990) ( 0.373, -0.925) ( 0.374, -0.860) ( 0.375, -0.793) ( 0.376, -0.726) ( 0.377, -0.659) ( 0.378, -0.590) ( 0.379, -0.521)
cubicX(u).SamplePoints: ( 0.380, -0.451) ( 0.381, -0.381) ( 0.382, -0.310) ( 0.383, -0.238) ( 0.384, -0.166) ( 0.385, -0.093) ( 0.386, -0.019) ( 0.387,  0.055) ( 0.388,  0.129) ( 0.389,  0.204)
cubicX(u).SamplePoints: ( 0.390,  0.280) ( 0.391,  0.356) ( 0.392,  0.432) ( 0.393,  0.509) ( 0.394,  0.587) ( 0.395,  0.664) ( 0.396,  0.742) ( 0.397,  0.821) ( 0.398,  0.900) ( 0.399,  0.979)
cubicX(u).SamplePoints: ( 0.400,  1.058) ( 0.401,  1.137) ( 0.402,  1.217) ( 0.403,  1.297) ( 0.404,  1.377) ( 0.405,  1.458) ( 0.406,  1.538) ( 0.407,  1.619) ( 0.408,  1.699) ( 0.409,  1.780)
cubicX(u).SamplePoints: ( 0.410,  1.861) ( 0.411,  1.941) ( 0.412,  2.022) ( 0.413,  2.103) ( 0.414,  2.183) ( 0.415,  2.264) ( 0.416,  2.344) ( 0.417,  2.424) ( 0.418,  2.504) ( 0.419,  2.584)
cubicX(u).SamplePoints: ( 0.420,  2.663) ( 0.421,  2.743) ( 0.422,  2.822) ( 0.423,  2.900) ( 0.424,  2.979) ( 0.425,  3.057) ( 0.426,  3.135) ( 0.427,  3.212) ( 0.428,  3.289) ( 0.429,  3.365)
cubicX(u).SamplePoints: ( 0.430,  3.441) ( 0.431,  3.516) ( 0.432,  3.591) ( 0.433,  3.665) ( 0.434,  3.739) ( 0.435,  3.812) ( 0.436,  3.885) ( 0.437,  3.957) ( 0.438,  4.028) ( 0.439,  4.098)
cubicX(u).SamplePoints: ( 0.440,  4.168) ( 0.441,  4.237) ( 0.442,  4.305) ( 0.443,  4.372) ( 0.444,  4.439) ( 0.445,  4.505) ( 0.446,  4.569) ( 0.447,  4.633) ( 0.448,  4.696) ( 0.449,  4.759)
cubicX(u).SamplePoints: ( 0.450,  4.820) ( 0.451,  4.880) ( 0.452,  4.939) ( 0.453,  4.998) ( 0.454,  5.055) ( 0.455,  5.111) ( 0.456,  5.166) ( 0.457,  5.220) ( 0.458,  5.273) ( 0.459,  5.325)
cubicX(u).SamplePoints: ( 0.460,  5.376) ( 0.461,  5.425) ( 0.462,  5.474) ( 0.463,  5.521) ( 0.464,  5.567) ( 0.465,  5.612) ( 0.466,  5.656) ( 0.467,  5.698) ( 0.468,  5.739) ( 0.469,  5.779)
cubicX(u).SamplePoints: ( 0.470,  5.818) ( 0.471,  5.856) ( 0.472,  5.892) ( 0.473,  5.927) ( 0.474,  5.960) ( 0.475,  5.993) ( 0.476,  6.023) ( 0.477,  6.053) ( 0.478,  6.082) ( 0.479,  6.109)
cubicX(u).SamplePoints: ( 0.480,  6.134) ( 0.481,  6.159) ( 0.482,  6.182) ( 0.483,  6.203) ( 0.484,  6.223) ( 0.485,  6.242) ( 0.486,  6.260) ( 0.487,  6.276) ( 0.488,  6.291) ( 0.489,  6.305)
cubicX(u).SamplePoints: ( 0.490,  6.317) ( 0.491,  6.327) ( 0.492,  6.337) ( 0.493,  6.345) ( 0.494,  6.352) ( 0.495,  6.357) ( 0.496,  6.361) ( 0.497,  6.364) ( 0.498,  6.365) ( 0.499,  6.365)
cubicX(u).SamplePoints: ( 0.500,  6.364) ( 0.501,  6.361) ( 0.502,  6.357) ( 0.503,  6.352) ( 0.504,  6.345) ( 0.505,  6.337) ( 0.506,  6.328) ( 0.507,  6.318) ( 0.508,  6.306) ( 0.509,  6.293)
cubicX(u).SamplePoints: ( 0.510,  6.279) ( 0.511,  6.263) ( 0.512,  6.247) ( 0.513,  6.229) ( 0.514,  6.210) ( 0.515,  6.190) ( 0.516,  6.168) ( 0.517,  6.146) ( 0.518,  6.122) ( 0.519,  6.097)
cubicX(u).SamplePoints: ( 0.520,  6.071) ( 0.521,  6.044) ( 0.522,  6.016) ( 0.523,  5.987) ( 0.524,  5.956) ( 0.525,  5.925) ( 0.526,  5.893) ( 0.527,  5.859) ( 0.528,  5.825) ( 0.529,  5.790)
cubicX(u).SamplePoints: ( 0.530,  5.753) ( 0.531,  5.716) ( 0.532,  5.678) ( 0.533,  5.639) ( 0.534,  5.599) ( 0.535,  5.558) ( 0.536,  5.517) ( 0.537,  5.474) ( 0.538,  5.431) ( 0.539,  5.387)
cubicX(u).SamplePoints: ( 0.540,  5.342) ( 0.541,  5.297) ( 0.542,  5.251) ( 0.543,  5.204) ( 0.544,  5.156) ( 0.545,  5.108) ( 0.546,  5.059) ( 0.547,  5.009) ( 0.548,  4.959) ( 0.549,  4.908)
cubicX(u).SamplePoints: ( 0.550,  4.857) ( 0.551,  4.805) ( 0.552,  4.752) ( 0.553,  4.699) ( 0.554,  4.646) ( 0.555,  4.592) ( 0.556,  4.538) ( 0.557,  4.483) ( 0.558,  4.428) ( 0.559,  4.372)
cubicX(u).SamplePoints: ( 0.560,  4.317) ( 0.561,  4.260) ( 0.562,  4.204) ( 0.563,  4.147) ( 0.564,  4.090) ( 0.565,  4.032) ( 0.566,  3.975) ( 0.567,  3.917) ( 0.568,  3.859) ( 0.569,  3.801)
cubicX(u).SamplePoints: ( 0.570,  3.742) ( 0.571,  3.684) ( 0.572,  3.625) ( 0.573,  3.566) ( 0.574,  3.507) ( 0.575,  3.448) ( 0.576,  3.389) ( 0.577,  3.330) ( 0.578,  3.271) ( 0.579,  3.212)
cubicX(u).SamplePoints: ( 0.580,  3.153) ( 0.581,  3.094) ( 0.582,  3.035) ( 0.583,  2.976) ( 0.584,  2.917) ( 0.585,  2.859) ( 0.586,  2.800) ( 0.587,  2.741) ( 0.588,  2.683) ( 0.589,  2.625)
cubicX(u).SamplePoints: ( 0.590,  2.567) ( 0.591,  2.509) ( 0.592,  2.452) ( 0.593,  2.394) ( 0.594,  2.337) ( 0.595,  2.280) ( 0.596,  2.223) ( 0.597,  2.167) ( 0.598,  2.111) ( 0.599,  2.055)
cubicX(u).SamplePoints: ( 0.600,  2.000) ( 0.601,  1.944) ( 0.602,  1.890) ( 0.603,  1.835) ( 0.604,  1.781) ( 0.605,  1.727) ( 0.606,  1.674) ( 0.607,  1.621) ( 0.608,  1.568) ( 0.609,  1.516)
cubicX(u).SamplePoints: ( 0.610,  1.464) ( 0.611,  1.412) ( 0.612,  1.361) ( 0.613,  1.311) ( 0.614,  1.261) ( 0.615,  1.211) ( 0.616,  1.162) ( 0.617,  1.113) ( 0.618,  1.065) ( 0.619,  1.017)
cubicX(u).SamplePoints: ( 0.620,  0.970) ( 0.621,  0.923) ( 0.622,  0.877) ( 0.623,  0.831) ( 0.624,  0.786) ( 0.625,  0.741) ( 0.626,  0.697) ( 0.627,  0.653) ( 0.628,  0.610) ( 0.629,  0.567)
cubicX(u).SamplePoints: ( 0.630,  0.525) ( 0.631,  0.483) ( 0.632,  0.442) ( 0.633,  0.402) ( 0.634,  0.362) ( 0.635,  0.322) ( 0.636,  0.283) ( 0.637,  0.245) ( 0.638,  0.207) ( 0.639,  0.170)
cubicX(u).SamplePoints: ( 0.640,  0.133) ( 0.641,  0.097) ( 0.642,  0.062) ( 0.643,  0.027) ( 0.644, -0.008) ( 0.645, -0.042) ( 0.646, -0.075) ( 0.647, -0.108) ( 0.648, -0.140) ( 0.649, -0.172)
cubicX(u).SamplePoints: ( 0.650, -0.203) ( 0.651, -0.233) ( 0.652, -0.263) ( 0.653, -0.293) ( 0.654, -0.322) ( 0.655, -0.350) ( 0.656, -0.378) ( 0.657, -0.405) ( 0.658, -0.432) ( 0.659, -0.458)
cubicX(u).SamplePoints: ( 0.660, -0.484) ( 0.661, -0.509) ( 0.662, -0.533) ( 0.663, -0.557) ( 0.664, -0.581) ( 0.665, -0.604) ( 0.666, -0.626) ( 0.667, -0.648) ( 0.668, -0.670) ( 0.669, -0.691)
cubicX(u).SamplePoints: ( 0.670, -0.711) ( 0.671, -0.731) ( 0.672, -0.750) ( 0.673, -0.769) ( 0.674, -0.788) ( 0.675, -0.806) ( 0.676, -0.823) ( 0.677, -0.840) ( 0.678, -0.857) ( 0.679, -0.873)
cubicX(u).SamplePoints: ( 0.680, -0.888) ( 0.681, -0.903) ( 0.682, -0.918) ( 0.683, -0.932) ( 0.684, -0.946) ( 0.685, -0.959) ( 0.686, -0.972) ( 0.687, -0.985) ( 0.688, -0.997) ( 0.689, -1.008)
cubicX(u).SamplePoints: ( 0.690, -1.019) ( 0.691, -1.030) ( 0.692, -1.041) ( 0.693, -1.051) ( 0.694, -1.060) ( 0.695, -1.069) ( 0.696, -1.078) ( 0.697, -1.086) ( 0.698, -1.094) ( 0.699, -1.102)
cubicX(u).SamplePoints: ( 0.700, -1.109) ( 0.701, -1.116) ( 0.702, -1.123) ( 0.703, -1.129) ( 0.704, -1.135) ( 0.705, -1.141) ( 0.706, -1.146) ( 0.707, -1.151) ( 0.708, -1.155) ( 0.709, -1.159)
cubicX(u).SamplePoints: ( 0.710, -1.163) ( 0.711, -1.167) ( 0.712, -1.170) ( 0.713, -1.173) ( 0.714, -1.176) ( 0.715, -1.178) ( 0.716, -1.180) ( 0.717, -1.182) ( 0.718, -1.184) ( 0.719, -1.185)
cubicX(u).SamplePoints: ( 0.720, -1.186) ( 0.721, -1.187) ( 0.722, -1.188) ( 0.723, -1.188) ( 0.724, -1.188) ( 0.725, -1.188) ( 0.726, -1.187) ( 0.727, -1.186) ( 0.728, -1.186) ( 0.729, -1.184)
cubicX(u).SamplePoints: ( 0.730, -1.183) ( 0.731, -1.182) ( 0.732, -1.180) ( 0.733, -1.178) ( 0.734, -1.176) ( 0.735, -1.173) ( 0.736, -1.171) ( 0.737, -1.168) ( 0.738, -1.165) ( 0.739, -1.162)
cubicX(u).SamplePoints: ( 0.740, -1.159) ( 0.741, -1.155) ( 0.742, -1.152) ( 0.743, -1.148) ( 0.744, -1.144) ( 0.745, -1.140) ( 0.746, -1.136) ( 0.747, -1.131) ( 0.748, -1.127) ( 0.749, -1.122)
cubicX(u).SamplePoints: ( 0.750, -1.117) ( 0.751, -1.112) ( 0.752, -1.107) ( 0.753, -1.102) ( 0.754, -1.097) ( 0.755, -1.091) ( 0.756, -1.085) ( 0.757, -1.080) ( 0.758, -1.074) ( 0.759, -1.068)
cubicX(u).SamplePoints: ( 0.760, -1.062) ( 0.761, -1.056) ( 0.762, -1.050) ( 0.763, -1.044) ( 0.764, -1.037) ( 0.765, -1.031) ( 0.766, -1.024) ( 0.767, -1.017) ( 0.768, -1.011) ( 0.769, -1.004)
cubicX(u).SamplePoints: ( 0.770, -0.997) ( 0.771, -0.990) ( 0.772, -0.983) ( 0.773, -0.976) ( 0.774, -0.969) ( 0.775, -0.962) ( 0.776, -0.954) ( 0.777, -0.947) ( 0.778, -0.940) ( 0.779, -0.932)
cubicX(u).SamplePoints: ( 0.780, -0.925) ( 0.781, -0.917) ( 0.782, -0.910) ( 0.783, -0.902) ( 0.784, -0.894) ( 0.785, -0.887) ( 0.786, -0.879) ( 0.787, -0.871) ( 0.788, -0.863) ( 0.789, -0.855)
cubicX(u).SamplePoints: ( 0.790, -0.847) ( 0.791, -0.840) ( 0.792, -0.832) ( 0.793, -0.824) ( 0.794, -0.816) ( 0.795, -0.808) ( 0.796, -0.799) ( 0.797, -0.791) ( 0.798, -0.783) ( 0.799, -0.775)
cubicX(u).SamplePoints: ( 0.800, -0.767) ( 0.801, -0.759) ( 0.802, -0.751) ( 0.803, -0.743) ( 0.804, -0.734) ( 0.805, -0.726) ( 0.806, -0.718) ( 0.807, -0.710) ( 0.808, -0.702) ( 0.809, -0.693)
cubicX(u).SamplePoints: ( 0.810, -0.685) ( 0.811, -0.677) ( 0.812, -0.669) ( 0.813, -0.660) ( 0.814, -0.652) ( 0.815, -0.644) ( 0.816, -0.636) ( 0.817, -0.628) ( 0.818, -0.619) ( 0.819, -0.611)
cubicX(u).SamplePoints: ( 0.820, -0.603) ( 0.821, -0.595) ( 0.822, -0.587) ( 0.823, -0.578) ( 0.824, -0.570) ( 0.825, -0.562) ( 0.826, -0.554) ( 0.827, -0.546) ( 0.828, -0.538) ( 0.829, -0.529)
cubicX(u).SamplePoints: ( 0.830, -0.521) ( 0.831, -0.513) ( 0.832, -0.505) ( 0.833, -0.497) ( 0.834, -0.489) ( 0.835, -0.481) ( 0.836, -0.473) ( 0.837, -0.465) ( 0.838, -0.457) ( 0.839, -0.449)
cubicX(u).SamplePoints: ( 0.840, -0.441) ( 0.841, -0.433) ( 0.842, -0.425) ( 0.843, -0.417) ( 0.844, -0.409) ( 0.845, -0.402) ( 0.846, -0.394) ( 0.847, -0.386) ( 0.848, -0.378) ( 0.849, -0.370)
cubicX(u).SamplePoints: ( 0.850, -0.363) ( 0.851, -0.355) ( 0.852, -0.347) ( 0.853, -0.339) ( 0.854, -0.332) ( 0.855, -0.324) ( 0.856, -0.317) ( 0.857, -0.309) ( 0.858, -0.301) ( 0.859, -0.294)
cubicX(u).SamplePoints: ( 0.860, -0.286) ( 0.861, -0.279) ( 0.862, -0.271) ( 0.863, -0.264) ( 0.864, -0.257) ( 0.865, -0.249) ( 0.866, -0.242) ( 0.867, -0.234) ( 0.868, -0.227) ( 0.869, -0.220)
cubicX(u).SamplePoints: ( 0.870, -0.213) ( 0.871, -0.205) ( 0.872, -0.198) ( 0.873, -0.191) ( 0.874, -0.184) ( 0.875, -0.177) ( 0.876, -0.170) ( 0.877, -0.163) ( 0.878, -0.156) ( 0.879, -0.149)
cubicX(u).SamplePoints: ( 0.880, -0.142) ( 0.881, -0.135) ( 0.882, -0.128) ( 0.883, -0.121) ( 0.884, -0.114) ( 0.885, -0.107) ( 0.886, -0.100) ( 0.887, -0.094) ( 0.888, -0.087) ( 0.889, -0.080)
cubicX(u).SamplePoints: ( 0.890, -0.073) ( 0.891, -0.067) ( 0.892, -0.060) ( 0.893, -0.054) ( 0.894, -0.047) ( 0.895, -0.040) ( 0.896, -0.034) ( 0.897, -0.027) ( 0.898, -0.021) ( 0.899, -0.015)
cubicX(u).SamplePoints: ( 0.900, -0.008) ( 0.901, -0.002) ( 0.902,  0.005) ( 0.903,  0.011) ( 0.904,  0.017) ( 0.905,  0.023) ( 0.906,  0.030) ( 0.907,  0.036) ( 0.908,  0.042) ( 0.909,  0.048)
cubicX(u).SamplePoints: ( 0.910,  0.054) ( 0.911,  0.060) ( 0.912,  0.066) ( 0.913,  0.072) ( 0.914,  0.078) ( 0.915,  0.084) ( 0.916,  0.090) ( 0.917,  0.096) ( 0.918,  0.102) ( 0.919,  0.108)
cubicX(u).SamplePoints: ( 0.920,  0.113) ( 0.921,  0.119) ( 0.922,  0.125) ( 0.923,  0.131) ( 0.924,  0.136) ( 0.925,  0.142) ( 0.926,  0.147) ( 0.927,  0.153) ( 0.928,  0.159) ( 0.929,  0.164)
cubicX(u).SamplePoints: ( 0.930,  0.169) ( 0.931,  0.175) ( 0.932,  0.180) ( 0.933,  0.186) ( 0.934,  0.191) ( 0.935,  0.196) ( 0.936,  0.202) ( 0.937,  0.207) ( 0.938,  0.212) ( 0.939,  0.217)
cubicX(u).SamplePoints: ( 0.940,  0.222) ( 0.941,  0.228) ( 0.942,  0.233) ( 0.943,  0.238) ( 0.944,  0.243) ( 0.945,  0.248) ( 0.946,  0.253) ( 0.947,  0.257) ( 0.948,  0.262) ( 0.949,  0.267)
cubicX(u).SamplePoints: ( 0.950,  0.272) ( 0.951,  0.277) ( 0.952,  0.282) ( 0.953,  0.286) ( 0.954,  0.291) ( 0.955,  0.296) ( 0.956,  0.300) ( 0.957,  0.305) ( 0.958,  0.309) ( 0.959,  0.314)
cubicX(u).SamplePoints: ( 0.960,  0.318) ( 0.961,  0.323) ( 0.962,  0.327) ( 0.963,  0.332) ( 0.964,  0.336) ( 0.965,  0.340) ( 0.966,  0.344) ( 0.967,  0.349) ( 0.968,  0.353) ( 0.969,  0.357)
cubicX(u).SamplePoints: ( 0.970,  0.361) ( 0.971,  0.365) ( 0.972,  0.369) ( 0.973,  0.373) ( 0.974,  0.377) ( 0.975,  0.381) ( 0.976,  0.385) ( 0.977,  0.389) ( 0.978,  0.393) ( 0.979,  0.396)
cubicX(u).SamplePoints: ( 0.980,  0.400) ( 0.981,  0.404) ( 0.982,  0.408) ( 0.983,  0.411) ( 0.984,  0.415) ( 0.985,  0.418) ( 0.986,  0.422) ( 0.987,  0.425) ( 0.988,  0.429) ( 0.989,  0.432)
cubicX(u).SamplePoints: ( 0.990,  0.436) ( 0.991,  0.439) ( 0.992,  0.442) ( 0.993,  0.445) ( 0.994,  0.449) ( 0.995,  0.452) ( 0.996,  0.455) ( 0.997,  0.458) ( 0.998,  0.461) ( 0.999,  0.464)
cubicX(u).SamplePoints: ( 1.000,  0.467)


# cubicY(u)
cubicY(u).Coefficients: 1.587 -18.098 42.136 -26.724
cubicY(u).RMSE1: 0.9985751884486231
cubicY(u).RMSE2: 0.9985751884486233
cubicY(u).SamplePoints: ( 0.000,  0.000) ( 0.001,  0.006) ( 0.002,  0.012) ( 0.003,  0.018) ( 0.004,  0.024) ( 0.005,  0.030) ( 0.006,  0.036) ( 0.007,  0.042) ( 0.008,  0.048) ( 0.009,  0.054)
cubicY(u).SamplePoints: ( 0.010,  0.060) ( 0.011,  0.067) ( 0.012,  0.073) ( 0.013,  0.079) ( 0.014,  0.085) ( 0.015,  0.091) ( 0.016,  0.097) ( 0.017,  0.104) ( 0.018,  0.110) ( 0.019,  0.116)
cubicY(u).SamplePoints: ( 0.020,  0.122) ( 0.021,  0.129) ( 0.022,  0.135) ( 0.023,  0.141) ( 0.024,  0.148) ( 0.025,  0.154) ( 0.026,  0.160) ( 0.027,  0.167) ( 0.028,  0.173) ( 0.029,  0.179)
cubicY(u).SamplePoints: ( 0.030,  0.186) ( 0.031,  0.192) ( 0.032,  0.198) ( 0.033,  0.205) ( 0.034,  0.211) ( 0.035,  0.218) ( 0.036,  0.224) ( 0.037,  0.230) ( 0.038,  0.237) ( 0.039,  0.243)
cubicY(u).SamplePoints: ( 0.040,  0.250) ( 0.041,  0.256) ( 0.042,  0.263) ( 0.043,  0.269) ( 0.044,  0.275) ( 0.045,  0.282) ( 0.046,  0.288) ( 0.047,  0.295) ( 0.048,  0.301) ( 0.049,  0.308)
cubicY(u).SamplePoints: ( 0.050,  0.314) ( 0.051,  0.320) ( 0.052,  0.327) ( 0.053,  0.333) ( 0.054,  0.340) ( 0.055,  0.346) ( 0.056,  0.352) ( 0.057,  0.359) ( 0.058,  0.365) ( 0.059,  0.372)
cubicY(u).SamplePoints: ( 0.060,  0.378) ( 0.061,  0.384) ( 0.062,  0.391) ( 0.063,  0.397) ( 0.064,  0.403) ( 0.065,  0.410) ( 0.066,  0.416) ( 0.067,  0.422) ( 0.068,  0.429) ( 0.069,  0.435)
cubicY(u).SamplePoints: ( 0.070,  0.441) ( 0.071,  0.448) ( 0.072,  0.454) ( 0.073,  0.460) ( 0.074,  0.466) ( 0.075,  0.472) ( 0.076,  0.479) ( 0.077,  0.485) ( 0.078,  0.491) ( 0.079,  0.497)
cubicY(u).SamplePoints: ( 0.080,  0.503) ( 0.081,  0.509) ( 0.082,  0.515) ( 0.083,  0.521) ( 0.084,  0.527) ( 0.085,  0.533) ( 0.086,  0.539) ( 0.087,  0.545) ( 0.088,  0.551) ( 0.089,  0.556)
cubicY(u).SamplePoints: ( 0.090,  0.562) ( 0.091,  0.568) ( 0.092,  0.574) ( 0.093,  0.579) ( 0.094,  0.585) ( 0.095,  0.591) ( 0.096,  0.596) ( 0.097,  0.602) ( 0.098,  0.607) ( 0.099,  0.613)
cubicY(u).SamplePoints: ( 0.100,  0.618) ( 0.101,  0.624) ( 0.102,  0.629) ( 0.103,  0.634) ( 0.104,  0.640) ( 0.105,  0.645) ( 0.106,  0.650) ( 0.107,  0.655) ( 0.108,  0.660) ( 0.109,  0.665)
cubicY(u).SamplePoints: ( 0.110,  0.670) ( 0.111,  0.675) ( 0.112,  0.680) ( 0.113,  0.684) ( 0.114,  0.689) ( 0.115,  0.694) ( 0.116,  0.698) ( 0.117,  0.703) ( 0.118,  0.707) ( 0.119,  0.712)
cubicY(u).SamplePoints: ( 0.120,  0.716) ( 0.121,  0.720) ( 0.122,  0.725) ( 0.123,  0.729) ( 0.124,  0.733) ( 0.125,  0.737) ( 0.126,  0.741) ( 0.127,  0.744) ( 0.128,  0.748) ( 0.129,  0.752)
cubicY(u).SamplePoints: ( 0.130,  0.755) ( 0.131,  0.759) ( 0.132,  0.762) ( 0.133,  0.766) ( 0.134,  0.769) ( 0.135,  0.772) ( 0.136,  0.775) ( 0.137,  0.778) ( 0.138,  0.781) ( 0.139,  0.784)
cubicY(u).SamplePoints: ( 0.140,  0.786) ( 0.141,  0.789) ( 0.142,  0.792) ( 0.143,  0.794) ( 0.144,  0.796) ( 0.145,  0.798) ( 0.146,  0.801) ( 0.147,  0.803) ( 0.148,  0.804) ( 0.149,  0.806)
cubicY(u).SamplePoints: ( 0.150,  0.808) ( 0.151,  0.809) ( 0.152,  0.811) ( 0.153,  0.812) ( 0.154,  0.813) ( 0.155,  0.814) ( 0.156,  0.815) ( 0.157,  0.816) ( 0.158,  0.817) ( 0.159,  0.817)
cubicY(u).SamplePoints: ( 0.160,  0.818) ( 0.161,  0.818) ( 0.162,  0.818) ( 0.163,  0.818) ( 0.164,  0.818) ( 0.165,  0.818) ( 0.166,  0.817) ( 0.167,  0.817) ( 0.168,  0.816) ( 0.169,  0.815)
cubicY(u).SamplePoints: ( 0.170,  0.814) ( 0.171,  0.813) ( 0.172,  0.812) ( 0.173,  0.811) ( 0.174,  0.809) ( 0.175,  0.807) ( 0.176,  0.805) ( 0.177,  0.803) ( 0.178,  0.801) ( 0.179,  0.799)
cubicY(u).SamplePoints: ( 0.180,  0.796) ( 0.181,  0.793) ( 0.182,  0.791) ( 0.183,  0.788) ( 0.184,  0.784) ( 0.185,  0.781) ( 0.186,  0.777) ( 0.187,  0.774) ( 0.188,  0.770) ( 0.189,  0.766)
cubicY(u).SamplePoints: ( 0.190,  0.762) ( 0.191,  0.757) ( 0.192,  0.752) ( 0.193,  0.748) ( 0.194,  0.743) ( 0.195,  0.737) ( 0.196,  0.732) ( 0.197,  0.727) ( 0.198,  0.721) ( 0.199,  0.715)
cubicY(u).SamplePoints: ( 0.200,  0.709) ( 0.201,  0.702) ( 0.202,  0.696) ( 0.203,  0.689) ( 0.204,  0.682) ( 0.205,  0.675) ( 0.206,  0.668) ( 0.207,  0.660) ( 0.208,  0.652) ( 0.209,  0.644)
cubicY(u).SamplePoints: ( 0.210,  0.636) ( 0.211,  0.628) ( 0.212,  0.619) ( 0.213,  0.611) ( 0.214,  0.602) ( 0.215,  0.592) ( 0.216,  0.583) ( 0.217,  0.573) ( 0.218,  0.563) ( 0.219,  0.553)
cubicY(u).SamplePoints: ( 0.220,  0.543) ( 0.221,  0.533) ( 0.222,  0.522) ( 0.223,  0.511) ( 0.224,  0.500) ( 0.225,  0.488) ( 0.226,  0.477) ( 0.227,  0.465) ( 0.228,  0.453) ( 0.229,  0.441)
cubicY(u).SamplePoints: ( 0.230,  0.428) ( 0.231,  0.416) ( 0.232,  0.403) ( 0.233,  0.390) ( 0.234,  0.376) ( 0.235,  0.363) ( 0.236,  0.349) ( 0.237,  0.335) ( 0.238,  0.321) ( 0.239,  0.306)
cubicY(u).SamplePoints: ( 0.240,  0.292) ( 0.241,  0.277) ( 0.242,  0.262) ( 0.243,  0.246) ( 0.244,  0.231) ( 0.245,  0.215) ( 0.246,  0.199) ( 0.247,  0.183) ( 0.248,  0.166) ( 0.249,  0.150)
cubicY(u).SamplePoints: ( 0.250,  0.133) ( 0.251,  0.116) ( 0.252,  0.099) ( 0.253,  0.081) ( 0.254,  0.064) ( 0.255,  0.046) ( 0.256,  0.028) ( 0.257,  0.009) ( 0.258, -0.009) ( 0.259, -0.028)
cubicY(u).SamplePoints: ( 0.260, -0.047) ( 0.261, -0.066) ( 0.262, -0.085) ( 0.263, -0.104) ( 0.264, -0.124) ( 0.265, -0.144) ( 0.266, -0.164) ( 0.267, -0.184) ( 0.268, -0.205) ( 0.269, -0.225)
cubicY(u).SamplePoints: ( 0.270, -0.246) ( 0.271, -0.267) ( 0.272, -0.288) ( 0.273, -0.309) ( 0.274, -0.331) ( 0.275, -0.352) ( 0.276, -0.374) ( 0.277, -0.396) ( 0.278, -0.418) ( 0.279, -0.440)
cubicY(u).SamplePoints: ( 0.280, -0.462) ( 0.281, -0.485) ( 0.282, -0.508) ( 0.283, -0.530) ( 0.284, -0.553) ( 0.285, -0.576) ( 0.286, -0.599) ( 0.287, -0.623) ( 0.288, -0.646) ( 0.289, -0.670)
cubicY(u).SamplePoints: ( 0.290, -0.693) ( 0.291, -0.717) ( 0.292, -0.741) ( 0.293, -0.765) ( 0.294, -0.789) ( 0.295, -0.813) ( 0.296, -0.837) ( 0.297, -0.861) ( 0.298, -0.885) ( 0.299, -0.910)
cubicY(u).SamplePoints: ( 0.300, -0.934) ( 0.301, -0.958) ( 0.302, -0.983) ( 0.303, -1.008) ( 0.304, -1.032) ( 0.305, -1.057) ( 0.306, -1.081) ( 0.307, -1.106) ( 0.308, -1.131) ( 0.309, -1.156)
cubicY(u).SamplePoints: ( 0.310, -1.180) ( 0.311, -1.205) ( 0.312, -1.230) ( 0.313, -1.254) ( 0.314, -1.279) ( 0.315, -1.304) ( 0.316, -1.328) ( 0.317, -1.353) ( 0.318, -1.378) ( 0.319, -1.402)
cubicY(u).SamplePoints: ( 0.320, -1.427) ( 0.321, -1.451) ( 0.322, -1.475) ( 0.323, -1.500) ( 0.324, -1.524) ( 0.325, -1.548) ( 0.326, -1.572) ( 0.327, -1.596) ( 0.328, -1.620) ( 0.329, -1.643)
cubicY(u).SamplePoints: ( 0.330, -1.667) ( 0.331, -1.690) ( 0.332, -1.713) ( 0.333, -1.737) ( 0.334, -1.760) ( 0.335, -1.783) ( 0.336, -1.805) ( 0.337, -1.828) ( 0.338, -1.850) ( 0.339, -1.872)
cubicY(u).SamplePoints: ( 0.340, -1.894) ( 0.341, -1.916) ( 0.342, -1.938) ( 0.343, -1.959) ( 0.344, -1.980) ( 0.345, -2.001) ( 0.346, -2.022) ( 0.347, -2.042) ( 0.348, -2.063) ( 0.349, -2.083)
cubicY(u).SamplePoints: ( 0.350, -2.103) ( 0.351, -2.122) ( 0.352, -2.141) ( 0.353, -2.160) ( 0.354, -2.179) ( 0.355, -2.197) ( 0.356, -2.215) ( 0.357, -2.233) ( 0.358, -2.251) ( 0.359, -2.268)
cubicY(u).SamplePoints: ( 0.360, -2.285) ( 0.361, -2.301) ( 0.362, -2.317) ( 0.363, -2.333) ( 0.364, -2.349) ( 0.365, -2.364) ( 0.366, -2.379) ( 0.367, -2.393) ( 0.368, -2.407) ( 0.369, -2.421)
cubicY(u).SamplePoints: ( 0.370, -2.434) ( 0.371, -2.447) ( 0.372, -2.460) ( 0.373, -2.472) ( 0.374, -2.484) ( 0.375, -2.495) ( 0.376, -2.506) ( 0.377, -2.517) ( 0.378, -2.527) ( 0.379, -2.537)
cubicY(u).SamplePoints: ( 0.380, -2.546) ( 0.381, -2.555) ( 0.382, -2.563) ( 0.383, -2.571) ( 0.384, -2.579) ( 0.385, -2.586) ( 0.386, -2.592) ( 0.387, -2.599) ( 0.388, -2.604) ( 0.389, -2.610)
cubicY(u).SamplePoints: ( 0.390, -2.614) ( 0.391, -2.619) ( 0.392, -2.622) ( 0.393, -2.626) ( 0.394, -2.629) ( 0.395, -2.631) ( 0.396, -2.633) ( 0.397, -2.634) ( 0.398, -2.635) ( 0.399, -2.636)
cubicY(u).SamplePoints: ( 0.400, -2.636) ( 0.401, -2.635) ( 0.402, -2.634) ( 0.403, -2.633) ( 0.404, -2.631) ( 0.405, -2.628) ( 0.406, -2.625) ( 0.407, -2.621) ( 0.408, -2.617) ( 0.409, -2.613)
cubicY(u).SamplePoints: ( 0.410, -2.608) ( 0.411, -2.602) ( 0.412, -2.596) ( 0.413, -2.589) ( 0.414, -2.582) ( 0.415, -2.575) ( 0.416, -2.567) ( 0.417, -2.558) ( 0.418, -2.549) ( 0.419, -2.539)
cubicY(u).SamplePoints: ( 0.420, -2.529) ( 0.421, -2.519) ( 0.422, -2.508) ( 0.423, -2.496) ( 0.424, -2.484) ( 0.425, -2.471) ( 0.426, -2.458) ( 0.427, -2.445) ( 0.428, -2.431) ( 0.429, -2.416)
cubicY(u).SamplePoints: ( 0.430, -2.401) ( 0.431, -2.386) ( 0.432, -2.370) ( 0.433, -2.354) ( 0.434, -2.337) ( 0.435, -2.320) ( 0.436, -2.302) ( 0.437, -2.284) ( 0.438, -2.265) ( 0.439, -2.246)
cubicY(u).SamplePoints: ( 0.440, -2.226) ( 0.441, -2.206) ( 0.442, -2.186) ( 0.443, -2.165) ( 0.444, -2.144) ( 0.445, -2.122) ( 0.446, -2.100) ( 0.447, -2.078) ( 0.448, -2.055) ( 0.449, -2.031)
cubicY(u).SamplePoints: ( 0.450, -2.008) ( 0.451, -1.984) ( 0.452, -1.959) ( 0.453, -1.935) ( 0.454, -1.909) ( 0.455, -1.884) ( 0.456, -1.858) ( 0.457, -1.832) ( 0.458, -1.805) ( 0.459, -1.779)
cubicY(u).SamplePoints: ( 0.460, -1.751) ( 0.461, -1.724) ( 0.462, -1.696) ( 0.463, -1.668) ( 0.464, -1.640) ( 0.465, -1.611) ( 0.466, -1.582) ( 0.467, -1.553) ( 0.468, -1.524) ( 0.469, -1.494)
cubicY(u).SamplePoints: ( 0.470, -1.464) ( 0.471, -1.434) ( 0.472, -1.403) ( 0.473, -1.373) ( 0.474, -1.342) ( 0.475, -1.311) ( 0.476, -1.280) ( 0.477, -1.248) ( 0.478, -1.216) ( 0.479, -1.185)
cubicY(u).SamplePoints: ( 0.480, -1.153) ( 0.481, -1.121) ( 0.482, -1.088) ( 0.483, -1.056) ( 0.484, -1.024) ( 0.485, -0.991) ( 0.486, -0.958) ( 0.487, -0.925) ( 0.488, -0.893) ( 0.489, -0.860)
cubicY(u).SamplePoints: ( 0.490, -0.826) ( 0.491, -0.793) ( 0.492, -0.760) ( 0.493, -0.727) ( 0.494, -0.694) ( 0.495, -0.660) ( 0.496, -0.627) ( 0.497, -0.594) ( 0.498, -0.560) ( 0.499, -0.527)
cubicY(u).SamplePoints: ( 0.500, -0.494) ( 0.501, -0.460) ( 0.502, -0.427) ( 0.503, -0.394) ( 0.504, -0.360) ( 0.505, -0.327) ( 0.506, -0.294) ( 0.507, -0.261) ( 0.508, -0.228) ( 0.509, -0.195)
cubicY(u).SamplePoints: ( 0.510, -0.163) ( 0.511, -0.130) ( 0.512, -0.097) ( 0.513, -0.065) ( 0.514, -0.033) ( 0.515, -0.000) ( 0.516,  0.032) ( 0.517,  0.063) ( 0.518,  0.095) ( 0.519,  0.127)
cubicY(u).SamplePoints: ( 0.520,  0.158) ( 0.521,  0.189) ( 0.522,  0.220) ( 0.523,  0.251) ( 0.524,  0.282) ( 0.525,  0.312) ( 0.526,  0.342) ( 0.527,  0.372) ( 0.528,  0.402) ( 0.529,  0.432)
cubicY(u).SamplePoints: ( 0.530,  0.461) ( 0.531,  0.490) ( 0.532,  0.519) ( 0.533,  0.547) ( 0.534,  0.576) ( 0.535,  0.604) ( 0.536,  0.631) ( 0.537,  0.659) ( 0.538,  0.686) ( 0.539,  0.713)
cubicY(u).SamplePoints: ( 0.540,  0.739) ( 0.541,  0.766) ( 0.542,  0.792) ( 0.543,  0.817) ( 0.544,  0.843) ( 0.545,  0.868) ( 0.546,  0.892) ( 0.547,  0.917) ( 0.548,  0.941) ( 0.549,  0.964)
cubicY(u).SamplePoints: ( 0.550,  0.988) ( 0.551,  1.011) ( 0.552,  1.034) ( 0.553,  1.056) ( 0.554,  1.078) ( 0.555,  1.099) ( 0.556,  1.121) ( 0.557,  1.142) ( 0.558,  1.162) ( 0.559,  1.182)
cubicY(u).SamplePoints: ( 0.560,  1.202) ( 0.561,  1.222) ( 0.562,  1.241) ( 0.563,  1.259) ( 0.564,  1.278) ( 0.565,  1.296) ( 0.566,  1.313) ( 0.567,  1.330) ( 0.568,  1.347) ( 0.569,  1.363)
cubicY(u).SamplePoints: ( 0.570,  1.379) ( 0.571,  1.395) ( 0.572,  1.410) ( 0.573,  1.425) ( 0.574,  1.440) ( 0.575,  1.454) ( 0.576,  1.467) ( 0.577,  1.481) ( 0.578,  1.494) ( 0.579,  1.506)
cubicY(u).SamplePoints: ( 0.580,  1.518) ( 0.581,  1.530) ( 0.582,  1.541) ( 0.583,  1.552) ( 0.584,  1.563) ( 0.585,  1.573) ( 0.586,  1.583) ( 0.587,  1.592) ( 0.588,  1.601) ( 0.589,  1.610)
cubicY(u).SamplePoints: ( 0.590,  1.618) ( 0.591,  1.626) ( 0.592,  1.633) ( 0.593,  1.640) ( 0.594,  1.647) ( 0.595,  1.654) ( 0.596,  1.660) ( 0.597,  1.665) ( 0.598,  1.670) ( 0.599,  1.675)
cubicY(u).SamplePoints: ( 0.600,  1.680) ( 0.601,  1.684) ( 0.602,  1.688) ( 0.603,  1.691) ( 0.604,  1.694) ( 0.605,  1.697) ( 0.606,  1.699) ( 0.607,  1.701) ( 0.608,  1.703) ( 0.609,  1.704)
cubicY(u).SamplePoints: ( 0.610,  1.705) ( 0.611,  1.706) ( 0.612,  1.706) ( 0.613,  1.706) ( 0.614,  1.706) ( 0.615,  1.706) ( 0.616,  1.705) ( 0.617,  1.703) ( 0.618,  1.702) ( 0.619,  1.700)
cubicY(u).SamplePoints: ( 0.620,  1.698) ( 0.621,  1.695) ( 0.622,  1.692) ( 0.623,  1.689) ( 0.624,  1.686) ( 0.625,  1.682) ( 0.626,  1.678) ( 0.627,  1.674) ( 0.628,  1.670) ( 0.629,  1.665)
cubicY(u).SamplePoints: ( 0.630,  1.660) ( 0.631,  1.655) ( 0.632,  1.649) ( 0.633,  1.643) ( 0.634,  1.637) ( 0.635,  1.631) ( 0.636,  1.624) ( 0.637,  1.617) ( 0.638,  1.610) ( 0.639,  1.603)
cubicY(u).SamplePoints: ( 0.640,  1.596) ( 0.641,  1.588) ( 0.642,  1.580) ( 0.643,  1.572) ( 0.644,  1.564) ( 0.645,  1.555) ( 0.646,  1.546) ( 0.647,  1.537) ( 0.648,  1.528) ( 0.649,  1.519)
cubicY(u).SamplePoints: ( 0.650,  1.509) ( 0.651,  1.500) ( 0.652,  1.490) ( 0.653,  1.480) ( 0.654,  1.470) ( 0.655,  1.459) ( 0.656,  1.449) ( 0.657,  1.438) ( 0.658,  1.427) ( 0.659,  1.416)
cubicY(u).SamplePoints: ( 0.660,  1.405) ( 0.661,  1.394) ( 0.662,  1.382) ( 0.663,  1.371) ( 0.664,  1.359) ( 0.665,  1.347) ( 0.666,  1.335) ( 0.667,  1.323) ( 0.668,  1.311) ( 0.669,  1.299)
cubicY(u).SamplePoints: ( 0.670,  1.287) ( 0.671,  1.274) ( 0.672,  1.262) ( 0.673,  1.249) ( 0.674,  1.236) ( 0.675,  1.224) ( 0.676,  1.211) ( 0.677,  1.198) ( 0.678,  1.185) ( 0.679,  1.172)
cubicY(u).SamplePoints: ( 0.680,  1.158) ( 0.681,  1.145) ( 0.682,  1.132) ( 0.683,  1.118) ( 0.684,  1.105) ( 0.685,  1.092) ( 0.686,  1.078) ( 0.687,  1.064) ( 0.688,  1.051) ( 0.689,  1.037)
cubicY(u).SamplePoints: ( 0.690,  1.024) ( 0.691,  1.010) ( 0.692,  0.996) ( 0.693,  0.982) ( 0.694,  0.969) ( 0.695,  0.955) ( 0.696,  0.941) ( 0.697,  0.927) ( 0.698,  0.913) ( 0.699,  0.899)
cubicY(u).SamplePoints: ( 0.700,  0.886) ( 0.701,  0.872) ( 0.702,  0.858) ( 0.703,  0.844) ( 0.704,  0.830) ( 0.705,  0.816) ( 0.706,  0.803) ( 0.707,  0.789) ( 0.708,  0.775) ( 0.709,  0.761)
cubicY(u).SamplePoints: ( 0.710,  0.747) ( 0.711,  0.734) ( 0.712,  0.720) ( 0.713,  0.706) ( 0.714,  0.693) ( 0.715,  0.679) ( 0.716,  0.665) ( 0.717,  0.652) ( 0.718,  0.638) ( 0.719,  0.625)
cubicY(u).SamplePoints: ( 0.720,  0.611) ( 0.721,  0.598) ( 0.722,  0.585) ( 0.723,  0.571) ( 0.724,  0.558) ( 0.725,  0.545) ( 0.726,  0.532) ( 0.727,  0.519) ( 0.728,  0.506) ( 0.729,  0.493)
cubicY(u).SamplePoints: ( 0.730,  0.480) ( 0.731,  0.467) ( 0.732,  0.454) ( 0.733,  0.441) ( 0.734,  0.429) ( 0.735,  0.416) ( 0.736,  0.404) ( 0.737,  0.391) ( 0.738,  0.379) ( 0.739,  0.366)
cubicY(u).SamplePoints: ( 0.740,  0.354) ( 0.741,  0.342) ( 0.742,  0.330) ( 0.743,  0.318) ( 0.744,  0.306) ( 0.745,  0.294) ( 0.746,  0.282) ( 0.747,  0.270) ( 0.748,  0.259) ( 0.749,  0.247)
cubicY(u).SamplePoints: ( 0.750,  0.236) ( 0.751,  0.224) ( 0.752,  0.213) ( 0.753,  0.202) ( 0.754,  0.191) ( 0.755,  0.179) ( 0.756,  0.168) ( 0.757,  0.158) ( 0.758,  0.147) ( 0.759,  0.136)
cubicY(u).SamplePoints: ( 0.760,  0.125) ( 0.761,  0.115) ( 0.762,  0.104) ( 0.763,  0.094) ( 0.764,  0.084) ( 0.765,  0.074) ( 0.766,  0.064) ( 0.767,  0.054) ( 0.768,  0.044) ( 0.769,  0.034)
cubicY(u).SamplePoints: ( 0.770,  0.024) ( 0.771,  0.014) ( 0.772,  0.005) ( 0.773, -0.004) ( 0.774, -0.014) ( 0.775, -0.023) ( 0.776, -0.032) ( 0.777, -0.041) ( 0.778, -0.050) ( 0.779, -0.059)
cubicY(u).SamplePoints: ( 0.780, -0.068) ( 0.781, -0.077) ( 0.782, -0.085) ( 0.783, -0.094) ( 0.784, -0.102) ( 0.785, -0.110) ( 0.786, -0.119) ( 0.787, -0.127) ( 0.788, -0.135) ( 0.789, -0.143)
cubicY(u).SamplePoints: ( 0.790, -0.151) ( 0.791, -0.158) ( 0.792, -0.166) ( 0.793, -0.173) ( 0.794, -0.181) ( 0.795, -0.188) ( 0.796, -0.196) ( 0.797, -0.203) ( 0.798, -0.210) ( 0.799, -0.217)
cubicY(u).SamplePoints: ( 0.800, -0.224) ( 0.801, -0.230) ( 0.802, -0.237) ( 0.803, -0.244) ( 0.804, -0.250) ( 0.805, -0.257) ( 0.806, -0.263) ( 0.807, -0.269) ( 0.808, -0.275) ( 0.809, -0.281)
cubicY(u).SamplePoints: ( 0.810, -0.287) ( 0.811, -0.293) ( 0.812, -0.299) ( 0.813, -0.305) ( 0.814, -0.310) ( 0.815, -0.316) ( 0.816, -0.321) ( 0.817, -0.327) ( 0.818, -0.332) ( 0.819, -0.337)
cubicY(u).SamplePoints: ( 0.820, -0.342) ( 0.821, -0.347) ( 0.822, -0.352) ( 0.823, -0.357) ( 0.824, -0.361) ( 0.825, -0.366) ( 0.826, -0.371) ( 0.827, -0.375) ( 0.828, -0.379) ( 0.829, -0.384)
cubicY(u).SamplePoints: ( 0.830, -0.388) ( 0.831, -0.392) ( 0.832, -0.396) ( 0.833, -0.400) ( 0.834, -0.404) ( 0.835, -0.408) ( 0.836, -0.411) ( 0.837, -0.415) ( 0.838, -0.418) ( 0.839, -0.422)
cubicY(u).SamplePoints: ( 0.840, -0.425) ( 0.841, -0.429) ( 0.842, -0.432) ( 0.843, -0.435) ( 0.844, -0.438) ( 0.845, -0.441) ( 0.846, -0.444) ( 0.847, -0.447) ( 0.848, -0.449) ( 0.849, -0.452)
cubicY(u).SamplePoints: ( 0.850, -0.455) ( 0.851, -0.457) ( 0.852, -0.460) ( 0.853, -0.462) ( 0.854, -0.464) ( 0.855, -0.466) ( 0.856, -0.468) ( 0.857, -0.471) ( 0.858, -0.473) ( 0.859, -0.474)
cubicY(u).SamplePoints: ( 0.860, -0.476) ( 0.861, -0.478) ( 0.862, -0.480) ( 0.863, -0.481) ( 0.864, -0.483) ( 0.865, -0.484) ( 0.866, -0.486) ( 0.867, -0.487) ( 0.868, -0.488) ( 0.869, -0.490)
cubicY(u).SamplePoints: ( 0.870, -0.491) ( 0.871, -0.492) ( 0.872, -0.493) ( 0.873, -0.494) ( 0.874, -0.494) ( 0.875, -0.495) ( 0.876, -0.496) ( 0.877, -0.497) ( 0.878, -0.497) ( 0.879, -0.498)
cubicY(u).SamplePoints: ( 0.880, -0.498) ( 0.881, -0.499) ( 0.882, -0.499) ( 0.883, -0.499) ( 0.884, -0.499) ( 0.885, -0.500) ( 0.886, -0.500) ( 0.887, -0.500) ( 0.888, -0.500) ( 0.889, -0.499)
cubicY(u).SamplePoints: ( 0.890, -0.499) ( 0.891, -0.499) ( 0.892, -0.499) ( 0.893, -0.498) ( 0.894, -0.498) ( 0.895, -0.497) ( 0.896, -0.497) ( 0.897, -0.496) ( 0.898, -0.496) ( 0.899, -0.495)
cubicY(u).SamplePoints: ( 0.900, -0.494) ( 0.901, -0.493) ( 0.902, -0.492) ( 0.903, -0.492) ( 0.904, -0.491) ( 0.905, -0.489) ( 0.906, -0.488) ( 0.907, -0.487) ( 0.908, -0.486) ( 0.909, -0.485)
cubicY(u).SamplePoints: ( 0.910, -0.483) ( 0.911, -0.482) ( 0.912, -0.481) ( 0.913, -0.479) ( 0.914, -0.477) ( 0.915, -0.476) ( 0.916, -0.474) ( 0.917, -0.473) ( 0.918, -0.471) ( 0.919, -0.469)
cubicY(u).SamplePoints: ( 0.920, -0.467) ( 0.921, -0.465) ( 0.922, -0.463) ( 0.923, -0.461) ( 0.924, -0.459) ( 0.925, -0.457) ( 0.926, -0.455) ( 0.927, -0.453) ( 0.928, -0.450) ( 0.929, -0.448)
cubicY(u).SamplePoints: ( 0.930, -0.446) ( 0.931, -0.443) ( 0.932, -0.441) ( 0.933, -0.438) ( 0.934, -0.436) ( 0.935, -0.433) ( 0.936, -0.430) ( 0.937, -0.428) ( 0.938, -0.425) ( 0.939, -0.422)
cubicY(u).SamplePoints: ( 0.940, -0.419) ( 0.941, -0.416) ( 0.942, -0.413) ( 0.943, -0.410) ( 0.944, -0.407) ( 0.945, -0.404) ( 0.946, -0.401) ( 0.947, -0.398) ( 0.948, -0.395) ( 0.949, -0.392)
cubicY(u).SamplePoints: ( 0.950, -0.388) ( 0.951, -0.385) ( 0.952, -0.382) ( 0.953, -0.378) ( 0.954, -0.375) ( 0.955, -0.371) ( 0.956, -0.368) ( 0.957, -0.364) ( 0.958, -0.360) ( 0.959, -0.357)
cubicY(u).SamplePoints: ( 0.960, -0.353) ( 0.961, -0.349) ( 0.962, -0.345) ( 0.963, -0.341) ( 0.964, -0.338) ( 0.965, -0.334) ( 0.966, -0.330) ( 0.967, -0.326) ( 0.968, -0.322) ( 0.969, -0.317)
cubicY(u).SamplePoints: ( 0.970, -0.313) ( 0.971, -0.309) ( 0.972, -0.305) ( 0.973, -0.301) ( 0.974, -0.296) ( 0.975, -0.292) ( 0.976, -0.288) ( 0.977, -0.283) ( 0.978, -0.279) ( 0.979, -0.274)
cubicY(u).SamplePoints: ( 0.980, -0.270) ( 0.981, -0.265) ( 0.982, -0.261) ( 0.983, -0.256) ( 0.984, -0.251) ( 0.985, -0.247) ( 0.986, -0.242) ( 0.987, -0.237) ( 0.988, -0.232) ( 0.989, -0.227)
cubicY(u).SamplePoints: ( 0.990, -0.222) ( 0.991, -0.218) ( 0.992, -0.213) ( 0.993, -0.208) ( 0.994, -0.203) ( 0.995, -0.197) ( 0.996, -0.192) ( 0.997, -0.187) ( 0.998, -0.182) ( 0.999, -0.177)
cubicY(u).SamplePoints: ( 1.000, -0.172)
